cv_accuracy: 0.8155283724091064
test_accuracy: 0.7863247863247863
